-0.974442 1.31257 -0.420035 1.29523
12
0 0 0.4 1 0.603125 0.698441 6  1 A
0 0 0.4 1 0.170312 0.0627215 6  1 B
0 0 0.4 1 0.91875 0.0690999 6  1 C
1 0 0.4 1 0.603125 0.698441 0.170312 0.0627215
1 0 0.4 1 0.170312 0.0627215 0.91875 0.0690999
1 0 0.4 1 0.91875 0.0690999 0.603125 0.698441
2 0 0.4 1 0.544531 0.0659107 0.538153 0.814348
2 0 0.4 1 0.386719 0.380581 1.02244 -0.0522316
2 0 0.4 1 0.760938 0.38377 0.131597 0.0681454
0 0 0.4 1 0.545 0.275 6  1 D
4 0 0.4 1 0.542755 0.274348 0.428368 64
4 0 0.4 1 0.542755 0.274348 0.428368 64
