-2 2 -1.5 1.5
13
0 0 0.4 1 -0.721875 0.625 6  1 A
0 0 0.4 1 -1.37812 -0.5375 6  1 B
0 0 0.4 1 -0.071875 -0.7875 6  1 C
0 0 0.4 1 -1.05 0.04375 6  1 M_AB
0 0 0.4 1 -0.725 -0.6625 6  1 M_BC
0 0 0.4 1 -0.396875 -0.08125 6  1 M_CA
1 0 0.4 1 -1.37812 -0.5375 -0.721875 0.625
1 0 0.4 1 -1.37812 -0.5375 -0.071875 -0.7875
1 0 0.4 1 -0.071875 -0.7875 -0.721875 0.625
4 0 0.4 1 -0.768587 -0.254654 0.410169 64
2 0 0.4 1 -0.721875 0.625 -0.471875 1.93125
2 0 0.4 1 -1.37812 -0.5375 -2.79063 -1.1875
2 0 0.4 1 -0.071875 -0.7875 -1.23438 -0.13125
