-2 2 -1.5 1.5
16
0 0 0.4 1 0.44375 0.704819 6  1 A
0 0 0.4 1 -0.473438 0.757973 6  1 B
0 0 0.4 1 -0.648438 -0.402906 6  1 C
0 0 0.4 1 0.371875 -0.645287 6  1 D
1 0 0.4 1 0.44375 0.704819 -0.473438 0.757973
1 0 0.4 1 -0.473438 0.757973 -0.648438 -0.402906
1 0 0.4 1 -0.648438 -0.402906 0.371875 -0.645287
1 0 0.4 1 0.371875 -0.645287 0.44375 0.704819
0 0 0.4 1 -0.0148438 0.731396 6  1 M_AB
0 0 0.4 1 -0.560938 0.177534 6  1 M_BC
0 0 0.4 1 -0.138281 -0.524096 6  1 M_CD
0 0 0.4 1 0.407812 0.0297661 6  1 M_DA
1 0 0.4 1 -0.560938 0.177534 -0.0148438 0.731396
1 0 0.4 1 -0.0148438 0.731396 0.407812 0.0297661
1 0 0.4 1 0.407812 0.0297661 -0.138281 -0.524096
1 0 0.4 1 -0.138281 -0.524096 -0.560938 0.177534
